car 0.00 0 0.00 59.00 4.00 215.00 81.00 0.00 0.00 0.00 0.00 0.00 0.00 0.00
car 0.00 0 0.00 11.00 94.00 165.00 171.00 0.00 0.00 0.00 0.00 0.00 0.00 0.00
car 0.00 0 0.00 115.00 183.00 256.00 260.00 0.00 0.00 0.00 0.00 0.00 0.00 0.00
car 0.00 0 0.00 18.00 293.00 196.00 370.00 0.00 0.00 0.00 0.00 0.00 0.00 0.00
car 0.00 0 0.00 71.00 392.00 233.00 443.00 0.00 0.00 0.00 0.00 0.00 0.00 0.00
car 0.00 0 0.00 265.00 382.00 307.00 429.00 0.00 0.00 0.00 0.00 0.00 0.00 0.00
car 0.00 0 0.00 334.00 384.00 374.00 428.00 0.00 0.00 0.00 0.00 0.00 0.00 0.00
car 0.00 0 0.00 264.00 311.00 306.00 356.00 0.00 0.00 0.00 0.00 0.00 0.00 0.00
car 0.00 0 0.00 332.00 311.00 374.00 356.00 0.00 0.00 0.00 0.00 0.00 0.00 0.00
car 0.00 0 0.00 471.00 423.00 611.00 445.00 0.00 0.00 0.00 0.00 0.00 0.00 0.00
car 0.00 0 0.00 444.00 300.00 609.00 375.00 0.00 0.00 0.00 0.00 0.00 0.00 0.00
car 0.00 0 0.00 433.00 189.00 636.00 265.00 0.00 0.00 0.00 0.00 0.00 0.00 0.00
car 0.00 0 0.00 431.00 82.00 538.00 153.00 0.00 0.00 0.00 0.00 0.00 0.00 0.00
car 0.00 0 0.00 539.00 88.00 589.00 145.00 0.00 0.00 0.00 0.00 0.00 0.00 0.00
car 0.00 0 0.00 268.00 258.00 360.00 281.00 0.00 0.00 0.00 0.00 0.00 0.00 0.00
car 0.00 0 0.00 320.00 194.00 407.00 219.00 0.00 0.00 0.00 0.00 0.00 0.00 0.00
car 0.00 0 0.00 242.00 136.00 361.00 157.00 0.00 0.00 0.00 0.00 0.00 0.00 0.00
car 0.00 0 0.00 242.00 98.00 358.00 117.00 0.00 0.00 0.00 0.00 0.00 0.00 0.00
car 0.00 0 0.00 253.00 8.00 326.00 31.00 0.00 0.00 0.00 0.00 0.00 0.00 0.00
car 0.00 0 0.00 254.00 54.00 351.00 77.00 0.00 0.00 0.00 0.00 0.00 0.00 0.00
car 0.00 0 0.00 368.00 9.00 569.00 24.00 0.00 0.00 0.00 0.00 0.00 0.00 0.00
car 0.00 0 0.00 402.00 40.00 565.00 61.00 0.00 0.00 0.00 0.00 0.00 0.00 0.00