car 0.00 0 0.00 39.00 1.00 105.00 74.00 0.00 0.00 0.00 0.00 0.00 0.00 0.00
car 0.00 0 0.00 184.00 2.00 299.00 76.00 0.00 0.00 0.00 0.00 0.00 0.00 0.00
car 0.00 0 0.00 380.00 1.00 482.00 72.00 0.00 0.00 0.00 0.00 0.00 0.00 0.00
car 0.00 0 0.00 486.00 16.00 509.00 63.00 0.00 0.00 0.00 0.00 0.00 0.00 0.00
car 0.00 0 0.00 559.00 31.00 627.00 103.00 0.00 0.00 0.00 0.00 0.00 0.00 0.00
car 0.00 0 0.00 1.00 90.00 106.00 164.00 0.00 0.00 0.00 0.00 0.00 0.00 0.00
car 0.00 0 0.00 134.00 89.00 279.00 164.00 0.00 0.00 0.00 0.00 0.00 0.00 0.00
car 0.00 0 0.00 317.00 90.00 495.00 165.00 0.00 0.00 0.00 0.00 0.00 0.00 0.00
car 0.00 0 0.00 527.00 148.00 601.00 172.00 0.00 0.00 0.00 0.00 0.00 0.00 0.00
car 0.00 0 0.00 528.00 193.00 627.00 217.00 0.00 0.00 0.00 0.00 0.00 0.00 0.00
car 0.00 0 0.00 7.00 181.00 158.00 257.00 0.00 0.00 0.00 0.00 0.00 0.00 0.00
car 0.00 0 0.00 201.00 194.00 404.00 209.00 0.00 0.00 0.00 0.00 0.00 0.00 0.00
car 0.00 0 0.00 238.00 226.00 399.00 247.00 0.00 0.00 0.00 0.00 0.00 0.00 0.00
car 0.00 0 0.00 69.00 275.00 220.00 353.00 0.00 0.00 0.00 0.00 0.00 0.00 0.00
car 0.00 0 0.00 283.00 279.00 402.00 299.00 0.00 0.00 0.00 0.00 0.00 0.00 0.00
car 0.00 0 0.00 283.00 318.00 405.00 339.00 0.00 0.00 0.00 0.00 0.00 0.00 0.00
car 0.00 0 0.00 460.00 265.00 565.00 336.00 0.00 0.00 0.00 0.00 0.00 0.00 0.00
car 0.00 0 0.00 569.00 270.00 618.00 327.00 0.00 0.00 0.00 0.00 0.00 0.00 0.00
car 0.00 0 0.00 40.00 380.00 179.00 455.00 0.00 0.00 0.00 0.00 0.00 0.00 0.00
car 0.00 0 0.00 231.00 377.00 318.00 403.00 0.00 0.00 0.00 0.00 0.00 0.00 0.00
car 0.00 0 0.00 231.00 422.00 322.00 446.00 0.00 0.00 0.00 0.00 0.00 0.00 0.00
car 0.00 0 0.00 379.00 381.00 479.00 456.00 0.00 0.00 0.00 0.00 0.00 0.00 0.00
van 0.00 0 0.00 539.00 378.00 612.00 448.00 0.00 0.00 0.00 0.00 0.00 0.00 0.00