car 0.00 0 0.00 317.00 351.00 389.00 392.00 0.00 0.00 0.00 0.00 0.00 0.00 0.00
car 0.00 0 0.00 341.00 301.00 387.00 337.00 0.00 0.00 0.00 0.00 0.00 0.00 0.00
car 0.00 0 0.00 345.00 258.00 412.00 301.00 0.00 0.00 0.00 0.00 0.00 0.00 0.00
car 0.00 0 0.00 377.00 175.00 447.00 207.00 0.00 0.00 0.00 0.00 0.00 0.00 0.00
car 0.00 0 0.00 400.00 133.00 446.00 159.00 0.00 0.00 0.00 0.00 0.00 0.00 0.00
car 0.00 0 0.00 410.00 108.00 474.00 136.00 0.00 0.00 0.00 0.00 0.00 0.00 0.00
car 0.00 0 0.00 112.00 332.00 166.00 370.00 0.00 0.00 0.00 0.00 0.00 0.00 0.00
car 0.00 0 0.00 114.00 309.00 142.00 333.00 0.00 0.00 0.00 0.00 0.00 0.00 0.00
car 0.00 0 0.00 290.00 197.00 328.00 278.00 0.00 0.00 0.00 0.00 0.00 0.00 0.00
car 0.00 0 0.00 229.00 114.00 248.00 158.00 0.00 0.00 0.00 0.00 0.00 0.00 0.00
car 0.00 0 0.00 264.00 305.00 280.00 339.00 0.00 0.00 0.00 0.00 0.00 0.00 0.00
car 0.00 0 0.00 266.00 283.00 282.00 304.00 0.00 0.00 0.00 0.00 0.00 0.00 0.00