0 0.211419753 0.087090164 0.240740741 0.157786885
0 0.135802469 0.271516393 0.237654321 0.157786885
0 0.286265432 0.453893443 0.217592593 0.157786885
0 0.165123457 0.679303279 0.274691358 0.157786885
0 0.234567901 0.855532787 0.250000000 0.104508197
0 0.441358025 0.830942623 0.064814815 0.096311475
0 0.546296296 0.831967213 0.061728395 0.090163934
0 0.439814815 0.683401639 0.064814815 0.092213115
0 0.544753086 0.683401639 0.064814815 0.092213115
0 0.834876543 0.889344262 0.216049383 0.045081967
0 0.812500000 0.691598361 0.254629630 0.153688525
0 0.824845679 0.465163934 0.313271605 0.155737705
0 0.747685185 0.240778689 0.165123457 0.145491803
0 0.870370370 0.238729508 0.077160494 0.116803279
0 0.484567901 0.552254098 0.141975309 0.047131148
0 0.560956790 0.423155738 0.134259259 0.051229508
0 0.465277778 0.300204918 0.183641975 0.043032787
0 0.462962963 0.220286885 0.179012346 0.038934426
0 0.446759259 0.039959016 0.112654321 0.047131148
0 0.466820988 0.134221311 0.149691358 0.047131148
0 0.722993827 0.033811475 0.310185185 0.030737705
0 0.746141975 0.103483607 0.251543210 0.043032787
