0 0.239969136 0.139344262 0.162037037 0.106557377
0 0.113425926 0.346311475 0.131172840 0.086065574
0 0.494598765 0.254098361 0.152777778 0.073770492
0 0.781635802 0.088114754 0.137345679 0.102459016
0 0.372685185 0.496926230 0.266975309 0.096311475
0 0.858024691 0.569672131 0.098765432 0.090163934
0 0.879629630 0.856557377 0.145061728 0.131147541
0 0.619598765 0.822745902 0.165123457 0.088114754
0 0.358024691 0.858606557 0.191358025 0.086065574
0 0.124228395 0.732581967 0.149691358 0.153688525
