0 0.544753086 0.761270492 0.111111111 0.084016393
0 0.561728395 0.653688525 0.070987654 0.073770492
0 0.584104938 0.572745902 0.103395062 0.088114754
0 0.635802469 0.391393443 0.108024691 0.065573770
0 0.652777778 0.299180328 0.070987654 0.053278689
0 0.682098765 0.250000000 0.098765432 0.057377049
0 0.214506173 0.719262295 0.083333333 0.077868852
0 0.197530864 0.657786885 0.043209877 0.049180328
0 0.476851852 0.486680328 0.058641975 0.165983607
0 0.368055556 0.278688525 0.029320988 0.090163934
0 0.419753086 0.659836066 0.024691358 0.069672131
0 0.422839506 0.601434426 0.024691358 0.043032787
