0 0.111111111 0.076844262 0.101851852 0.149590164
0 0.372685185 0.079918033 0.177469136 0.151639344
0 0.665123457 0.074795082 0.157407407 0.145491803
0 0.767746914 0.080942623 0.035493827 0.096311475
0 0.915123457 0.137295082 0.104938272 0.147540984
0 0.082561728 0.260245902 0.162037037 0.151639344
0 0.318672840 0.259221311 0.223765432 0.153688525
0 0.626543210 0.261270492 0.274691358 0.153688525
0 0.870370370 0.327868852 0.114197531 0.049180328
0 0.891203704 0.420081967 0.152777778 0.049180328
0 0.127314815 0.448770492 0.233024691 0.155737705
0 0.466820988 0.412909836 0.313271605 0.030737705
0 0.491512346 0.484631148 0.248456790 0.043032787
0 0.222993827 0.643442623 0.233024691 0.159836066
0 0.528549383 0.592213115 0.183641975 0.040983607
0 0.530864198 0.673155738 0.188271605 0.043032787
0 0.790895062 0.615778689 0.162037037 0.145491803
0 0.915895062 0.611680328 0.075617284 0.116803279
0 0.168981481 0.855532787 0.214506173 0.153688525
0 0.423611111 0.799180328 0.134259259 0.053278689
0 0.426697531 0.889344262 0.140432099 0.049180328
0 0.662037037 0.857581967 0.154320988 0.153688525
1 0.888117284 0.846311475 0.112654321 0.143442623
