1 0.112654320988 0.0686475409836 0.0987654320988 0.120901639344
1 0.374228395062 0.0758196721311 0.168209876543 0.139344262295
1 0.672839506173 0.0645491803279 0.138888888889 0.120901639344
1 0.766203703704 0.0799180327869 0.0324074074074 0.0983606557377
1 0.917438271605 0.127049180328 0.0756172839506 0.127049180328
1 0.0825617283951 0.248975409836 0.137345679012 0.129098360656
1 0.319444444444 0.254098360656 0.194444444444 0.135245901639
1 0.626543209877 0.253073770492 0.271604938272 0.141393442623
1 0.126543209877 0.440573770492 0.228395061728 0.135245901639
1 0.871141975309 0.328893442623 0.109567901235 0.047131147541
1 0.891203703704 0.419057377049 0.149691358025 0.047131147541
1 0.224537037037 0.635245901639 0.229938271605 0.139344262295
1 0.801697530864 0.605532786885 0.140432098765 0.125
1 0.914351851852 0.621926229508 0.0725308641975 0.0922131147541
1 0.168209876543 0.849385245902 0.20987654321 0.141393442623
1 0.662808641975 0.853483606557 0.152777777778 0.137295081967
1 0.426697530864 0.892418032787 0.140432098765 0.0430327868852
1 0.424382716049 0.801229508197 0.12962962963 0.0450819672131
