1 0.210648148148 0.0829918032787 0.223765432099 0.133196721311
1 0.446759259259 0.0409836065574 0.106481481481 0.0450819672131
1 0.466049382716 0.137295081967 0.148148148148 0.0450819672131
1 0.758487654321 0.231557377049 0.137345679012 0.127049180328
1 0.871913580247 0.245901639344 0.070987654321 0.0901639344262
1 0.138117283951 0.268442622951 0.226851851852 0.131147540984
1 0.287808641975 0.447745901639 0.208333333333 0.137295081967
1 0.563271604938 0.423155737705 0.12962962963 0.0512295081967
1 0.824074074074 0.456967213115 0.302469135802 0.139344262295
1 0.16512345679 0.671106557377 0.265432098765 0.133196721311
1 0.486111111111 0.553278688525 0.138888888889 0.0450819672131
1 0.814043209877 0.683401639344 0.24537037037 0.129098360656
1 0.236882716049 0.848360655738 0.195987654321 0.0655737704918
