1 0.239969135802 0.128073770492 0.152777777778 0.0799180327869
1 0.493827160494 0.24487704918 0.145061728395 0.0635245901639
1 0.779320987654 0.0809426229508 0.111111111111 0.0881147540984
1 0.113425925926 0.33606557377 0.109567901235 0.0655737704918
1 0.37037037037 0.488729508197 0.253086419753 0.0676229508197
1 0.127314814815 0.724385245902 0.125 0.125
1 0.356481481481 0.850409836066 0.182098765432 0.0655737704918
1 0.623456790123 0.816598360656 0.138888888889 0.0717213114754
1 0.859567901235 0.5625 0.0802469135802 0.0676229508197
1 0.878858024691 0.847336065574 0.121913580247 0.104508196721
